65.19790076205078 4.728912880179687 32.40993806452906 -20.42597835994438 17.187123897218854 -23.370339868938927 3.150121192047732 1.6724670937654809 13.646628785353208 0.7907544823937784 -154.0
65.19790076205078 4.965358524188671 32.40993806452906 -20.42597835994438 17.187123897218854 -23.370339868938927 3.150121192047732 1.6724670937654809 13.646628785353208 0.7907544823937784 -154.0
65.19790076205078 4.728912880179687 34.03043496775551 -20.42597835994438 17.187123897218854 -23.370339868938927 3.150121192047732 1.6724670937654809 13.646628785353208 0.7907544823937784 -154.0
65.19790076205078 4.728912880179687 32.40993806452906 -21.447277277941602 17.187123897218854 -23.370339868938927 3.150121192047732 1.6724670937654809 13.646628785353208 0.7907544823937784 -154.0
65.19790076205078 4.728912880179687 32.40993806452906 -20.42597835994438 18.046480092079797 -23.370339868938927 3.150121192047732 1.6724670937654809 13.646628785353208 0.7907544823937784 -154.0
65.19790076205078 4.728912880179687 32.40993806452906 -20.42597835994438 17.187123897218854 -24.538856862385874 3.150121192047732 1.6724670937654809 13.646628785353208 0.7907544823937784 -154.0
65.19790076205078 4.728912880179687 32.40993806452906 -20.42597835994438 17.187123897218854 -23.370339868938927 3.3076272516501186 1.6724670937654809 13.646628785353208 0.7907544823937784 -154.0
65.19790076205078 4.728912880179687 32.40993806452906 -20.42597835994438 17.187123897218854 -23.370339868938927 3.150121192047732 1.756090448453755 13.646628785353208 0.7907544823937784 -154.0
65.19790076205078 4.728912880179687 32.40993806452906 -20.42597835994438 17.187123897218854 -23.370339868938927 3.150121192047732 1.6724670937654809 14.32896022462087 0.7907544823937784 -154.0
65.19790076205078 4.728912880179687 32.40993806452906 -20.42597835994438 17.187123897218854 -23.370339868938927 3.150121192047732 1.6724670937654809 13.646628785353208 0.8302922065134674 -154.0
116.273906214338 4.728912880179687 32.40993806452906 -20.42597835994438 17.187123897218854 -23.370339868938927 3.150121192047732 1.6724670937654809 13.646628785353208 0.7907544823937784 -161.70000000000002
14.122013355601979 4.776202008981482 32.73403744517435 -20.630238143543835 17.358995136191034 -23.604043267628306 3.181622403968208 1.6891917647031347 13.783095073206745 0.7986620272177163 -146.29999999999998
36.95424547536321 4.7998465733823785 32.896087135497 -20.732368035343562 17.44493075567712 -23.720894966972992 3.1973730099284463 1.6975541001719616 13.851328217133513 0.8026157996296854 -138.59999999999997
54.98270330991123 4.785659834741841 32.798857321303416 -20.671090100263726 17.393369383985473 -23.650783947366186 3.1879226463523027 1.6925366988906658 13.81038833077745 0.7527982672388766 -152.45999999999998
52.93966413912381 4.797009225654271 32.87664117265828 -20.72011244832759 17.434618481338802 -23.70687276305165 3.1954829372132174 1.6965506199157026 13.024342512741109 0.7847447483275853 -152.152
50.488017315797244 4.810628494749189 32.969981794284124 -20.77893926600423 17.484117398162788 -23.77417934187418 3.2045552862463147 1.6010192995198183 13.582216697486349 0.7835428015143466 -151.7824
47.54604143024133 4.826971617663089 33.08199054023514 -20.849531447216194 17.54351609835158 -23.85494723646123 3.026434833563167 1.6703530953589598 13.56933427991298 0.7821004653384604 -151.33887999999996
44.015670891380324 4.84658336515977 33.21640103537635 -20.934242064670563 17.614794538578124 -22.549648317829348 3.1592036214686408 1.6699302956776556 13.553875378824934 0.7803696619273968 -150.80665599999998
39.779227202083646 4.870117462155788 33.3776936295458 -21.035894805615804 16.66910123301684 -23.55402700105438 3.1610201073528232 1.6694229360600907 13.535324697519275 0.7782926978341205 -150.16798719999997
34.6954966640867 4.898358378551007 33.57124474254917 -19.93231939315342 17.424852895037382 -23.59076442747748 3.163199890413841 1.6688141045190128 13.51306387995249 0.7758003409221892 -149.40158464
28.595024205922652 4.932247478225273 31.858909794281445 -20.854886517792444 17.472398694601083 -23.634849339185195 3.165815630087063 1.6680835066697188 13.486350898872345 0.7728095126278713 -148.481901568
21.274468530904777 4.689179625023607 33.36920104345839 -20.94066814936206 17.529453654077543 -23.68775123323445 3.168954517694929 1.6672067892505673 13.454295321576172 0.7692205186746903 -147.3782818816
12.489846821996041 4.917678618001377 33.56105363924425 -21.043606107245594 17.597919605449277 -23.75123350609355 3.17272118282437 1.6661547283475846 13.415828628820766 0.7649137259308725 -146.05393825792004
13.864627166336527 5.012061486912222 34.136611426601846 -21.3524199808962 17.80331745956449 -23.941680324670855 3.1840211782126886 1.6629985456386365 13.300428550554543 0.7519933476994196 -142.08090738688009
14.206426470344544 4.887335420091132 33.324573646058056 -20.872997568322624 17.432584162975424 -23.49087933941177 3.131879435814213 1.6408087291137834 13.17315714300518 0.8052930328241735 -146.31272590950402
8.502909226002023 4.8940512680660735 33.33637628938314 -20.85455224425776 17.390928201949414 -23.39159183899833 3.111598444673497 1.6256464299283628 13.98896588709434 0.7774562086347825 -145.4528710914048
13.716049241601171 4.9425722892719754 33.56624384774557 -20.92177214222285 17.369083062254717 -23.233951376971675 3.069656198403637 1.5901943349346928 14.471277574270953 0.7738119387883811 -142.1033066371072
2.5581514146449424 4.897116553634531 33.31631456677711 -20.81084802223183 17.32279144588275 -23.247767759600634 3.083934727325836 1.7261031764059558 13.512441540270704 0.777440836872108 -144.55656530968577
21.408291193319556 4.940360583077201 33.4894809530236 -20.826802400345628 17.24212846974273 -22.984561968463865 3.023624447865597 1.7886451148490243 13.477553961662885 0.7743898545509884 -140.94364796452862
3.4992661998444103 4.894802417914919 33.25117062613448 -20.732519156022995 17.21924781520019 -23.045563969641456 3.273555158761517 1.667919396776214 13.51394540991561 0.7779512473547239 -143.64362237162294
9.471293024188713 4.884834480969268 33.123714049144894 -20.607463956839112 17.06886003029806 -24.450046018635764 3.1636566783146183 1.6679400166772296 13.521418317221798 0.7791983678512531 -142.74323964594754
15.084789025672073 4.864243787735944 32.91162553889525 -20.42012504613853 18.09450509531559 -23.624871138927013 3.162367506622796 1.668150792418222 13.537187722467955 0.7814564659479557 -141.89695893513704
19.957021427068767 4.829179953177713 32.58615058516109 -21.621261589197942 17.472683873350682 -23.594955054793814 3.160021246803569 1.6686269615391418 13.564273308537832 0.7850800478650402 -141.1624363541644
23.566883396882428 4.774677348493935 34.443933691604755 -20.85196947884002 17.425195109536908 -23.54289128620782 3.1562466304736487 1.66946625036232 13.606570771551073 0.7905249832067918 -140.61822638339726
10.526580688537251 4.814069880926769 33.79767771727393 -20.852698738578123 17.436996005802953 -23.56588079945216 3.158638880377002 1.6691205644391696 13.57651580338139 0.7860961155620616 -142.58414517954793
22.606443995079832 5.042723252876234 33.01933777719091 -20.748593965113614 17.34964862040553 -23.465615305402103 3.1510446154021965 1.670725722819193 13.663070445208291 0.797489096537447 -140.76301872938683
10.304416856499984 4.777565531986764 33.28173522689152 -20.89264960329995 17.48450239565954 -23.632217251276366 3.164477042121746 1.6680865226427237 13.506489102484203 0.7762876631403794 -145.7244660935467
24.67723241083323 4.89240004048394 33.94150516383431 -19.922278128098128 17.408782105594163 -23.565863923139247 3.1608690453571926 1.6691974627513346 13.541535617035908 0.7798710904021651 -147.8912702046989
8.798666767932117 4.8449849750042695 32.92498922982939 -21.19651572392299 17.456708431411553 -23.587682271880173 3.160233196441975 1.6687695868421901 13.55858888566235 0.7837778084993214 -142.84464481679805
21.062225050472566 4.853484443379372 33.61870294828698 -21.27869280671443 16.65940155084845 -23.528510065596684 3.1580959235018007 1.669797390757048 13.572901435744662 0.7839589408295229 -147.34628480005847
6.048344304735518 4.861553951646801 33.08839489124318 -20.634766986282507 17.735729209198805 -23.60078087059443 3.161299610842547 1.6685624420029286 13.546116150787132 0.7820820846683475 -143.2592904013674
12.279811586961047 4.825236517335318 33.15851909016119 -20.778174168122312 17.381951492433295 -23.684482171348456 3.1944680293160506 1.702690196639316 14.011523816763827 0.7554801843221398 -142.31983072406422
17.475630043784502 4.946176830115736 33.83395162004226 -21.0505207978168 17.460131790466143 -23.58740602387595 3.1472941862316235 1.6570068474372008 13.44727163527368 0.753474821349482 -141.5365227783811
6.22289775999734 4.818695714265045 33.00901598889133 -20.735308807112077 17.38427929975981 -23.599883956690217 3.173040349534062 1.6811455353866513 13.699139213723479 0.7873652257506577 -145.10913069459525
17.096873041491413 4.784903640348574 32.896527895901784 -20.57549337408833 17.17847926007 -23.40994587553005 3.1562592407174 1.683042045200564 13.871200196640206 0.7917134226002829 -141.59362300779605
5.093532379437746 4.8844848735881765 33.39492220340863 -20.92657792395628 17.493059519104456 -23.665911598452674 3.1686056972976275 1.6703765575608296 13.529671520775626 0.7716136500982251 -144.93885944538903
11.147287383003361 4.889195412265206 33.34634306763432 -20.870606064378414 17.416668978420212 -23.47298309569598 3.129339927822035 1.6400438490931353 13.179134549499501 0.8043736573642323 -145.85153628591684
5.290856802389788 4.873205688532734 33.29938707326604 -20.84749809031439 17.407989606923483 -23.525857864609097 3.1456219531955387 1.6557054359796806 13.387231866315581 0.7921502891037091 -144.96860989545368
12.557349147970283 4.912189210194948 32.60752631172002 -20.795041364269853 17.35582318527466 -23.58357988062366 3.1625656913247915 1.670930455601384 13.576285775468776 0.77496856083264 -146.06411477361428
4.755983184506072 4.838599713243814 33.50013986588545 -20.838284395001054 17.41670280067088 -23.570305569745035 3.1596205831139494 1.669573037229723 13.576458296403237 0.7833142268797062 -143.45413757806452
11.285521884316992 4.9609003953863615 33.16714972990122 -20.744217457888247 17.294756876420337 -23.504861092493194 3.155756237778488 1.6722618003152292 13.660306315149768 0.7861823260021876 -142.46972815651912
4.9073031336209425 4.823399247836663 33.25308885264394 -20.855541566947025 17.437066015849737 -23.600378211580573 3.162296841035931 1.66913034206085 13.544943405650594 0.7787613288558315 -144.9107816092898
11.36569429855189 4.8413443997773395 33.351045868347654 -21.079018626370676 17.784040438892156 -22.517098763722753 3.156304634129878 1.6726463713574478 13.650082118097938 0.7831842134922296 -145.88446299678668
4.262475950752928 4.873961960671286 33.180547003945584 -20.725352624222005 17.247655132446585 -23.966809204907513 3.161818667268433 1.6691166053472841 13.553584267440833 0.7801948292614972 -143.52854548365733
11.60034094307496 4.88698930287574 33.600882242486406 -20.395734239346606 17.354381377985664 -23.455287897083817 3.1600452101678145 1.6718862048935064 13.611910626013076 0.7778881769965964 -145.91983795930804
3.699415365009897 4.855486056972137 33.093962482993646 -20.996320352778895 17.43112666805508 -23.554583678181082 3.1601861998734346 1.6695487413550192 13.571919320750032 0.7823054006236402 -143.61344310242555
8.141458197574035 4.830209967595149 33.14101242165475 -20.766051340716047 17.42820130066894 -23.68397669780221 3.2183975129762787 1.7237898240926648 13.098124311312224 0.785179615258907 -142.94372608690549
3.9808229201144933 4.84617029271288 33.18985338858685 -20.788176566601475 17.418883025989057 -23.610880483101237 3.1916977459005835 1.6992539755515894 13.320834705257752 0.7832487636028759 -143.57101233803033
7.901895963318425 4.9110604370857445 33.50454020208564 -20.895868329759615 17.44177094810439 -23.477883885392533 3.1606870873890176 1.6719124066673636 13.312290082989941 0.7744473057134754 -142.97984281240207
2.6923838041705594 4.84178689497022 33.13289704218991 -20.77544868777396 17.398652211845956 -23.569383938865798 3.169952033997801 1.6788372532068294 13.602426931040094 0.7841357457413621 -144.57680872404694
6.117144459590785 4.864248788368672 33.43406172992313 -21.024546490887474 17.022905639194835 -23.470707585142588 3.174158310711584 1.6865504622918661 13.476575301976883 0.7801411790103884 -145.09318677016577
3.0075762004540314 4.862227660827269 33.17481160091317 -20.73221186243375 17.55752331669781 -23.56826254923147 3.164514285809806 1.673059447075163 13.52873093858457 0.7815968582538577 -143.717764493567
6.8813802675800195 4.850401445941645 33.198154453429716 -20.788758141279466 17.38055198342501 -23.554111528052392 3.1936144348814466 1.7028782705342111 13.663759400902233 0.7679622884050565 -143.13369819570212
2.2486195922727057 4.867504627884962 33.274078918306955 -20.832813103055656 17.401130201048865 -23.53292128046992 3.1576200736170157 1.667498644618313 13.456363749962243 0.786103288929046 -144.50988197051578
7.253122996808918 4.835726211745559 33.07845066626678 -20.690925343457444 17.277096207632937 -23.38745973061227 3.1684335660432335 1.687631566364559 13.506658192279506 0.7913968551767046 -143.07765315079217
2.007802079602923 4.872295208127522 33.315804319123174 -20.86766477883157 17.439068691236578 -23.596298631492573 3.1685626644840292 1.674690309761762 13.523918188651596 0.776559451367845 -144.4735578717398
7.6469013394665675 4.906591029555246 33.23282711032732 -20.764386342843608 17.333490245965017 -23.45217720146677 3.1759955869945493 1.6899897754047208 13.487181264004738 0.783808800921501 -143.01828623938138
1.7698300979299273 4.844197193266309 33.248023417064786 -20.83275276092117 17.41117207337856 -23.563327959052124 3.1657215275255854 1.6743452003968178 13.530502870239129 0.7800231968722489 -144.43765776681272
3.321215168808718 4.892510060152595 32.935352807321685 -20.780537187973607 17.35274731568541 -23.480854321163722 3.1798920337988594 1.6905015128692664 13.446475288019277 0.7785976968961348 -144.67163430835635
4.34395590539153 4.860857432621382 33.20590682993677 -20.90450587150297 17.54281342055746 -22.987159709252488 3.18130862295046 1.6952349262561013 13.447927521097366 0.7813976680412712 -144.8258441677033
2.1117284806835452 4.87068582865881 33.18688696044338 -20.770140936042246 17.321444704474303 -23.721896830993757 3.16669115618894 1.6756461855744884 13.527170080854965 0.7804955389564407 -143.85287015466884
4.436177716632183 4.893552207768974 33.19600715966681 -20.83807480301166 17.352097862712046 -23.36529170063727 3.1464282263759813 1.6603759980563764 13.721944158399893 0.7777930887706056 -144.83974887665798
1.8775433916861948 4.858015771476904 33.19139183135684 -20.80065112570402 17.402186735169806 -23.549483287485245 3.180380366019433 1.6895344811777862 13.421112068543287 0.7818848448948084 -143.88819647268724
4.519215368002166 4.884742386410671 33.31138393493265 -20.59079717141927 17.33406623406897 -23.420568427418253 3.18197860563233 1.6940783802174997 13.440698092466262 0.778652340604075 -144.8522687863151
1.6458728834477534 4.862800139331771 33.1483178459784 -20.89493955743899 17.40686155955855 -23.521079865490375 3.1656343013131583 1.6756811510706393 13.53911401367909 0.7813921356187489 -143.92314952339794
4.6898439126901525 4.839025569751259 33.13360523576061 -20.887082448458365 17.58346783579553 -24.02469131512766 3.047025475254575 1.6972600756551905 13.503705724053379 0.7836946715257962 -144.87799494747276
1.4532662427427583 4.880858205874004 33.221779278541014 -20.771159979131838 17.310302820349026 -23.290345806013008 3.216922737884781 1.6752545664959582 13.511385488450053 0.779387103397492 -143.9522155155854
3.0849344551648765 4.838987556657867 33.50670834881728 -20.837188974739398 17.441479436243032 -23.551299260575252 3.1480947410344173 1.671628570287476 13.58415788603587 0.7832061032846567 -143.70609925218517
1.484622830937505 4.852368182531549 33.36386946344338 -20.82302602804795 17.419296406103626 -23.53368802572237 3.1560440642255276 1.6763468059329236 13.549737236531723 0.7820540016875263 -143.94748301622798
3.548546035126152 4.867298060324046 33.30506112773183 -20.90367713340209 17.20905805311179 -23.456976127805696 3.161778444706615 1.6897281078531319 13.506103495060003 0.7802983706136675 -144.70591277150672
1.3698814852550036 4.863495260701463 33.20737398261784 -20.775078180175836 17.470407000801305 -23.540440943875026 3.1638303255340086 1.677226612269655 13.523074077703427 0.7812722363438102 -143.96480156305194
2.963128165951957 4.892080499327346 33.36187107454066 -20.860366206542267 17.38228011575471 -23.450066139173217 3.155116354825861 1.68362817353403 13.416536931937143 0.7771867812466525 -143.72446710882775
1.279929159817124 4.854360296059501 33.1901405502776 -20.796678067466036 17.394559187823145 -23.539554488942652 3.166243114204816 1.6800349832886297 13.555954431264357 0.7823985046176847 -144.36372332024214
3.0846501394879406 4.828199589148028 33.153218746653565 -20.822132881131232 17.472494430106003 -23.83003966430678 3.2575953388736227 1.6271486117114389 13.51522490090527 0.7848732236650222 -143.70614212530023
1.149046986632578 4.8798873125129045 33.27554061174622 -20.81366923695668 17.360217191938563 -23.39333573577717 3.127349880212783 1.7013645352323266 13.513137380429345 0.7792989335703365 -144.34395951358937
2.995132390766589 4.860288051823186 33.19574673381156 -20.796339027087612 17.385973073117825 -23.516969034498942 3.1778559539015965 1.6925263216218842 13.582657417307153 0.7748499005363423 -143.71964097308495
0.9396569490779156 4.865700483869518 33.25449587218311 -20.823694584063645 17.397340919066103 -23.528933218977176 3.162679043688161 1.6737555638692059 13.48793716679847 0.7832899418308701 -144.31232172115807
1.974558190872882 4.8561097820914805 33.296460474023085 -20.869721923705306 17.48083781261075 -23.289400761571784 3.167982448829516 1.6840006563246523 13.50400450360313 0.7810165310838333 -144.46854310222966
2.1516242573048814 4.851263317415558 33.163674346323276 -20.772609509890724 17.37156765012331 -23.353619387088813 3.1659948974035244 1.686818601449957 13.503273658796807 0.7858440346156267 -143.84685243125668
0.9698226791363187 4.867037235449531 33.277771825923196 -20.84390096159636 17.42219343095826 -23.535628820391633 3.167920722713903 1.6777223826838108 13.518757056187898 0.7788805971797904 -144.31688151161904
2.319480350402452 4.86963423412321 33.17928046180338 -20.76538817259521 17.318069652418636 -23.709762868773574 3.1665627678349164 1.6762526001588982 13.526137854362222 0.7809597681188298 -143.8215348826447
0.9030754741973084 4.8594908950994125 33.26716547096816 -20.843638485927784 17.440145772562722 -23.39449128837223 3.167627528580866 1.6820636422832138 13.509537841292904 0.7810023403425824 -144.30679104733343
2.0876371815887147 4.86802326946229 33.29950383239189 -20.84305644264124 17.404312537338164 -23.418681943037512 3.1516142831572855 1.66922460752685 13.626715443971989 0.7799149533974097 -144.4856004271163
0.88830140825313 4.86051764597325 33.218419831615606 -20.811252454938327 17.402718185711898 -23.51678295137331 3.173188845303896 1.6844570127650522 13.472512912400463 0.7813923720204587 -144.0375474612945
2.090202690311741 4.885105938214272 33.23695152959411 -20.80665474622752 17.393636421596078 -23.39552826993487 3.1677665852067936 1.6864362507814648 13.50572665070841 0.782050436449611 -143.8561170718873
0.8070915186657076 4.8544243795033 33.24525544519712 -20.826228257247756 17.40678816043294 -23.52137803677281 3.1662327919458875 1.6773679629929794 13.524308815356449 0.7805300067665895 -144.29227259308135
1.8148502186834599 4.864827840183116 33.35604462052426 -20.730725689671452 17.397932255590966 -23.4378359977531 3.1679735095457664 1.6854376624921115 13.49415446760392 0.7805090719326792 -144.44444992923874
0.7830211089711657 4.863307064544607 33.20024953961486 -20.853886090497106 17.404629233566652 -23.500268898556058 3.1662191033713105 1.6781202789260075 13.527874127160297 0.7811713696972314 -144.05347462485815
1.794069322547094 4.877447573385949 33.10776901829355 -20.808811231552326 17.382563974538492 -23.418544012087843 3.179598754462554 1.6851267022284437 13.479158622877009 0.7796706794658429 -144.4413147581347
0.6677006322344634 4.8586380302451495 33.29984435215592 -20.819472328924043 17.410113298212345 -23.504902022313736 3.1619327367847845 1.6785417800068037 13.532092583118043 0.7814581711321054 -144.07094095170464
1.9200958564016304 4.844513514917724 33.26547221791892 -20.870339750426872 17.511519655865765 -23.704797475057354 3.1077220805833017 1.6868763843675787 13.521651789892275 0.7827517913027997 -144.46032734600112
0.6129548416849693 4.871772033134934 33.23270251338549 -20.795954921955598 17.360607029228213 -23.393958723274096 3.1896225735594115 1.6781600209638632 13.513952063810608 0.7802282753738189 -144.07924347318934
1.9883904444864826 4.86353181457696 33.284943219995625 -20.87059689773884 17.329455481098865 -23.42540589307515 3.165972942539155 1.6850910203327238 13.50813879786034 0.7806578661624833 -144.47062968056207
0.5338477365670837 4.8635043991703375 33.226766291962285 -20.798957859566585 17.435169120875695 -23.511682181175058 3.164365979785295 1.6791927142854224 13.519340257742655 0.7811186437984785 -144.09125859242948
1.0228118068014098 4.8744955998410875 33.3095018006728 -20.849452968868736 17.41342528068753 -23.420717886454003 3.1631847269844435 1.6821141955131078 13.467935609595067 0.7792756257247677 -144.0172149778094
1.324648071007904 4.847890240853321 33.23089397698949 -20.839618545760505 17.458408894321902 -23.57241306975485 3.2092449303308093 1.6569345756255667 13.501712306263219 0.782370535203002 -143.97162987730616
0.5340530471510203 4.871888044598009 33.26437895305704 -20.820156564157635 17.3847651175344 -23.438105069271593 3.1478236427422894 1.6902570453306365 13.510281111887814 0.7800668339785028 -144.25087710451857
1.1566435960975319 4.852760442476522 33.18790821853977 -20.797975532906225 17.399468772942317 -23.548508355641534 3.1703378667107174 1.6778134853082909 13.555383177556052 0.7825520846993177 -144.34510683842788
0.4817481188898318 4.869061810499947 33.27910340513954 -20.836583609878108 17.409936153751225 -23.452665503750886 3.164973011916012 1.6810390179619037 13.489797501585313 0.7800947404684052 -144.09918794296402
1.1241751202861072 4.86062372187816 33.21990450913265 -20.802064069834955 17.38824916723017 -23.41700475837575 3.1650123288216796 1.6828686251932072 13.49876982004271 0.7831899419020184 -144.00190159088726
0.4503971088532232 4.865433857056688 33.26330499672556 -20.83344173865601 17.413707365026237 -23.505972804887662 3.167193624240847 1.67900894331116 13.513760247151602 0.7799579333603475 -144.2381365314361
1.1922233564843752 4.861907148095606 33.24494228778122 -20.824219878286144 17.416374968314365 -23.419108276972306 3.1711569239579585 1.6878861198962025 13.53475432550276 0.778114195556834 -143.99162434340388
0.4111925979241813 4.864752149926041 33.252107476082635 -20.82382590761927 17.40209943137817 -23.50147698347596 3.1647985137556103 1.677288202875955 13.499641456474542 0.7819960052623611 -144.23214737671952
1.2544619945463422 4.86916898783104 33.22926109001906 -20.8003134607603 17.365960846580833 -23.574947346598 3.1656426361002032 1.6786229536007433 13.511174374044657 0.7806005300290774 -143.98222628310572
0.3687869941344514 4.861910418282319 33.257689375730884 -20.83280722963591 17.421599541067252 -23.439605302928673 3.1671313054607007 1.6812034701125962 13.509946974480842 0.7809018877642062 -144.2256498562765
0.7860636374530854 4.868420791419016 33.28586063819465 -20.837010446689277 17.407164704502726 -23.43722015390799 3.1588698114085334 1.675578874588413 13.555686115353174 0.7801124014999505 -144.28909034814106
0.9135560412306655 4.87731334027211 33.26714606321265 -20.82419108226815 17.40317003859564 -23.41579349193553 3.164353268659071 1.682310106679573 13.510165672396532 0.7808912457004922 -144.0337287673662
0.3817370741316371 4.860146619695502 33.250728099701 -20.825718963502855 17.405883629973616 -23.494981900563488 3.165762911124183 1.6786034989146277 13.52077302961647 0.7806203165000651 -144.22763663665256
0.9738102539929402 4.86166209401169 33.21951436251639 -20.811150596189343 17.402537279620034 -23.511503724131448 3.173094869139555 1.684704119949382 13.471805755252463 0.7814104339671539 -144.02462027000874
0.35136469787744423 4.866731117067184 33.269274069275085 -20.830545484064295 17.40600784828205 -23.455791046463855 3.1624260758412888 1.6778601859286553 13.534716025327995 0.7804369096167514 -144.22297282860796
0.8194041900377346 4.867460631390616 33.31893036702823 -20.78960683109495 17.40534847349919 -23.43955940906494 3.164986971670774 1.682110697012317 13.50098612307888 0.7802045737537769 -144.2941356340416
0.3871384098986288 4.864345456256109 33.2299197464682 -20.837816275646567 17.404809043549786 -23.48509152618328 3.1659110704461764 1.6791178834475848 13.521152126139942 0.7809296707113678 -144.11363987715401
0.7604228348327794 4.873271150892265 33.20535063334962 -20.82768938201253 17.398803557920985 -23.43096418608117 3.1700690049895774 1.6818044166196775 13.494579575725517 0.7798120722347555 -144.28520909228496
0.3164876381307838 4.862296310406928 33.27622092245434 -20.821526592196165 17.407285863139506 -23.486417563255593 3.163966803835983 1.6793574391600221 13.522714331269912 0.7810466464077679 -144.12450798684972
0.765379543186645 4.858242003456881 33.28119615393382 -20.856321123029083 17.457645593687374 -23.56039925311711 3.1372480142702655 1.6824256593018498 13.514472548524806 0.7812056421998318 -144.28595947353236
0.27513955578751376 4.86838952571542 33.24482592352257 -20.81104647222397 17.384866670343 -23.43556885573485 3.176528933737125 1.67922643054836 13.514082184989157 0.7804726170803221 -144.1309224732751
0.5399230083666685 4.857426288217287 33.24560910835539 -20.830297462440313 17.433507815942903 -23.51574566441227 3.1847880032863545 1.6681225119786207 13.518903715067864 0.7814482402155118 -144.0903349159545
0.27231397975618865 4.8682726055028285 33.259686491881624 -20.822691788728307 17.396950792136526 -23.457515218056763 3.1570647328783057 1.6847234119926324 13.512436762682826 0.780412185537755 -144.21074155737756
0.6854262535685143 4.866763574911455 33.28980580943401 -20.85624295286371 17.37546014685378 -23.431335159885148 3.1667854168619507 1.6802929825652773 13.508463870201062 0.7802551387433911 -144.27385002103313
0.2369501968821984 4.864319193105617 33.24252617133021 -20.813279132890866 17.420241877370216 -23.49159542585258 3.164970839054459 1.679467781355386 13.516621160857257 0.7809027675347067 -144.1369064495804
0.6828814181508679 4.860257640102979 33.230153249494876 -20.81395630715473 17.40275425870204 -23.498137821729664 3.1661779501589242 1.6781324315674921 13.54337135821279 0.7814406474867249 -144.27346437182183
0.20017851457390187 4.866860767900705 33.26686586622837 -20.830926784197263 17.40814067998893 -23.46403358324558 3.16527424647674 1.6803123713633008 13.503190965742181 0.7804312172229851 -144.1427570501785
0.3753991763021575 4.864170975715044 33.246663831809435 -20.816595187485074 17.397869710419574 -23.436442676264463 3.1635734622812675 1.6804231918286638 13.51729475636462 0.7816721113673102 -144.11543988709826
0.4889718973036004 4.864736448003493 33.256772623597705 -20.824764874494978 17.40863169987592 -23.427931636233865 3.165723562471635 1.6827709300544105 13.534944207019695 0.7795692606862863 -144.09808754389059
0.19573853378777653 4.864748224445403 33.2532737629614 -20.824060649338197 17.403732498502606 -23.48309064666544 3.1650297759346167 1.6786588846705688 13.508467144110831 0.7813893191183424 -144.1986324185123
0.42065015167212505 4.865223695311281 33.28363115651078 -20.808023381206006 17.405706778694867 -23.443916917622982 3.164434746878758 1.680849449727378 13.510896540948476 0.7807275249186747 -144.23359355172778
0.19477026333268302 4.864565016019902 33.24334759897884 -20.830368052036427 17.405033477336055 -23.474797874043205 3.1655419895543218 1.6795507750175331 13.518588229842075 0.7808791342631944 -144.14362829579744
0.45808486606343546 4.870306211136766 33.26134670313355 -20.821050511056438 17.404462161743524 -23.429989737938712 3.164538721886778 1.6815532894809158 13.51083867751707 0.7810886426826031 -144.10279512405822
0.18213526430257845 4.862686517555819 33.25338275055914 -20.824551850391252 17.405528262916093 -23.478733859907294 3.165456863814832 1.6793409465561997 13.51828944159162 0.7807373980456996 -144.19642625850398
0.40492957262890356 4.86598496348538 33.26675475477506 -20.831765619655453 17.414007791796873 -23.49698719896631 3.1671048510364064 1.6795171475123865 13.51451588781432 0.7798499051510361 -144.2311891478936
0.19013887564776435 4.864624472657628 33.251686562550844 -20.82038779552767 17.401904230763897 -23.451578806939924 3.164456309470052 1.6801966807495945 13.516600039227045 0.7812165598132417 -144.1443772022971
0.4454386947397451 4.8687883317931675 33.254528648217594 -20.813069690682973 17.38633889908853 -23.496219273104348 3.1630120086588436 1.6785355113558544 13.523194282647333 0.7806830631639472 -144.1047246479195
0.17597675511669367 4.863629896660031 33.25689919385256 -20.827872844897676 17.41278438057257 -23.45375879547259 3.1661014812602364 1.6805364804234109 13.513258801522465 0.7808471816141415 -144.19541855418726
0.4640145884936674 4.863347388926872 33.2404689795889 -20.814796908421265 17.403285898331823 -23.47962707937091 3.1684523193620446 1.6824140544387463 13.494133787039083 0.78123009571088 -144.1018908207039
0.15958763581628085 4.865885185032106 33.26207279685354 -20.826608340153538 17.405327360794494 -23.46175005469062 3.1639326367214777 1.678998653056178 13.524570465755767 0.7806352061402835 -144.19270232663195
0.2932269308981755 4.868499970512164 33.23069250128948 -20.82483214988087 17.401616183005366 -23.444067060866182 3.166904757944451 1.680845043986611 13.506506707994335 0.7805380708663667 -144.21399453041863
0.1531761692173826 4.866949055485854 33.2420746065807 -20.82400576045969 17.4030336030389 -23.45465468646353 3.166170269417334 1.6804731427799637 13.510558613813231 0.7806652147517169 -144.1916228945264
0.33024392051537615 4.8621186611577585 33.26153723683288 -20.837904127500202 17.427668762341057 -23.498732934532654 3.15227089517935 1.6812253950445943 13.514434140039906 0.7811506197280914 -144.2197201282435
0.13780474964050618 4.866821809576004 33.24900375185015 -20.81776088604303 17.395567193342515 -23.4513598754343 3.1704644240976814 1.6797261716724186 13.514170173751843 0.7806421177422644 -144.1531218870172
0.2915057300800469 4.861945422184983 33.24454012046753 -20.825272630458812 17.41530792078873 -23.47555550368626 3.1744150342820445 1.674728965536278 13.516426244560039 0.7812570377115604 -144.12837711006898
0.14454370396761587 4.866690809673367 33.2558998990281 -20.823336999160933 17.401540074299575 -23.462025289464137 3.16140230822924 1.6822248003785438 13.51343413315213 0.7806233985812063 -144.19015044555042
0.2859285022394037 4.866373157895746 33.26437518655851 -20.83669685955027 17.388276474940902 -23.435561268612744 3.165795221940847 1.6805359999781566 13.511604440844584 0.7807105819239084 -144.21286101706005
0.12228155748807988 4.864832684303149 33.24798842513729 -20.819133564555717 17.41225052676289 -23.47758688654262 3.1651769347760563 1.6797348360110786 13.51536698085409 0.7808547211320072 -144.1558950914503
0.2652437025069678 4.863425966381146 33.23626000344214 -20.816690564315568 17.401199641676993 -23.465833771879147 3.1654723521784294 1.6795759028997974 13.52746983898204 0.7812668330174343 -144.20963802471636
0.1036308326358527 4.8660020675208155 33.25921440053182 -20.82736772922684 17.406405420410945 -23.464483630403972 3.1653237729021626 1.680128254247425 13.509260684052146 0.7806401211715974 -144.15947729381296
0.18058304177148868 4.8657892784515315 33.2510402342232 -20.82421811515236 17.406142407544984 -23.443055305206997 3.1657756221140616 1.6815232635079003 13.522352368601656 0.7801588915327281 -144.14593163144272
0.21297443452274903 4.8662173393633585 33.26250492525462 -20.816680725077312 17.40506321475332 -23.444999564061987 3.165310135006305 1.6810258708590098 13.512984110622325 0.7805250278417828 -144.20139642128663
0.11072298491349869 4.864978096855766 33.24813693054779 -20.826946220296648 17.40504091169037 -23.4673482965479 3.1654840259173174 1.6799195489779022 13.517187200037139 0.7807906076578415 -144.15807032716975
0.22548930404022635 4.866228607565262 33.253456035282014 -20.827972666539868 17.408819797510773 -23.471372529086874 3.1666013583800274 1.6803245387726093 13.515089733399373 0.7801024118606557 -144.20338613976145
0.10535178832393648 4.865025506384536 33.25212893073363 -20.82228401328072 17.403633122450614 -23.456527237476664 3.164992571697546 1.6802286452553483 13.516222462770127 0.7809380228250952 -144.1591294366632
0.19322592369407224 4.868634360432813 33.251509083308605 -20.82335504425418 17.404816737265485 -23.439776151633374 3.1655079456117905 1.6813578127058346 13.5129869352705 0.7806216985840767 -144.1438777191864
0.1069246283714932 4.864173478275067 33.2529143337465 -20.824252648856984 17.40535038150344 -23.468994432838812 3.1654696342640714 1.6798451630936084 13.51696381501134 0.7807084731802939 -144.18328912367457
0.21578152695849317 4.8652084395018065 33.25422641954921 -20.823695686234 17.404044187428276 -23.480642531860035 3.1651279897425626 1.678839875671275 13.507846297542404 0.7813101214265615 -144.20184384469403
0.10152410774184642 4.865644068714101 33.2518367805547 -20.82408750792277 17.405617852515807 -23.452452111870258 3.1656137140211866 1.680852416548744 13.518725850836843 0.7804466990061865 -144.15990968475555
0.18473173516814778 4.867770655704122 33.24735497726029 -20.819283889093697 17.39596890878934 -23.46967770487397 3.164704577148579 1.679889845980831 13.518033274484463 0.7805417348235572 -144.1452551480632
0.10486794987211874 4.864665086421054 33.25451313970449 -20.82572560594668 17.408580512626763 -23.457738522822936 3.165752255232322 1.6803748218127659 13.514452419762964 0.7807708199164953 -144.18287770265624
0.18012519133016872 4.865271347609838 33.24066944282951 -20.82037184699647 17.404076558933866 -23.460884139282406 3.167237345389506 1.6817029070993814 13.504698001052601 0.7807808330526573 -144.14600645082334
0.09603783901336536 4.865731725676539 33.256721958347526 -20.825049216864272 17.405014660329336 -23.461533575838565 3.1647588138884846 1.679674716566979 13.519602349579976 0.7806716128683769 -144.1810283576798
0.18650378274732055 4.863964011194225 33.26359710345571 -20.823183117971233 17.406766528147557 -23.46935528538449 3.1647174215878797 1.6800687321329988 13.520518600148485 0.7807521040645561 -144.1449669755596
0.09129472857791118 4.866202794412947 33.24745523079945 -20.823800099837577 17.403966834316066 -23.45832983619377 3.16580705745997 1.6803720401182225 13.513048610397044 0.7806869370799268 -144.17995891478472
0.18999125375316744 4.864124653954628 33.24808287736257 -20.823944499405318 17.408745408890177 -23.46124559172982 3.1703663326221196 1.677946522482354 13.517565976258572 0.7808066279348105 -144.1444011183825
0.08617756766437988 4.866049270743682 33.253945643611715 -20.82348887422203 17.403341407947224 -23.461830365030558 3.16364331432746 1.6811552309044964 13.51446709392874 0.7806692059196074 -144.17871311375842
0.12413448180618718 4.863839146285528 33.25596740289284 -20.830666210159013 17.416273132768175 -23.474005103678913 3.1599399947996334 1.6807309630348954 13.51688931969424 0.7807933264092211 -144.18654792226388
0.08418337614554539 4.864584812108148 33.25422649013217 -20.82743987913002 17.411096647911762 -23.468343796617756 3.162571102124145 1.6804797651942762 13.516209533208642 0.7807555242424818 -144.17819141345223
0.13354249487743103 4.8657786971193815 33.25823034260467 -20.830954794561183 17.399359023577574 -23.445929474585622 3.164706317590875 1.6808712845328746 13.515861023062904 0.7805608836415732 -144.18823398223122
0.0839351067256585 4.865069187507207 33.25054890450413 -20.822088872057083 17.40902765096656 -23.46967253355337 3.165059280479761 1.6800189481415275 13.515490491406293 0.7807812617593987 -144.16397981414553
0.12796520115297783 4.865651502697053 33.258564231985446 -20.82217066917235 17.407365986505333 -23.456632911981433 3.164314277362105 1.6807064513987768 13.513701462153687 0.7806231279360505 -144.18724064390688
0.07917368151513056 4.865146448316088 33.2507437559072 -20.825752332515574 17.40562218039411 -23.464669450406284 3.165191588778514 1.6801162745831209 13.516315765566276 0.7807487377273937 -144.16536290635403
0.10884413055979787 4.866650715285958 33.253352713218874 -20.82516417734373 17.407110876470398 -23.454121779204016 3.164273059918239 1.680835059580972 13.51379523729047 0.7807133153230182 -144.15843660393796
0.0802547473438443 4.86479278752779 33.253023928614596 -20.82448053097867 17.40579050524518 -23.465276269430113 3.165170490677613 1.6800926372154494 13.516171670581123 0.780709683715975 -144.1770759937404
0.12215186863581051 4.86575214340514 33.25431711580792 -20.827572116459574 17.40925961208214 -23.468338780956856 3.164785706280779 1.6804243758112527 13.514526431093884 0.7804380978563928 -144.18618560236473
0.07755785830413955 4.865207165639687 33.252675977002205 -20.823606039075433 17.405039744858495 -23.45948012334671 3.164940855343354 1.6802775778943244 13.515798454851065 0.7808130415829195 -144.16589347808858
0.10579541246231614 4.866220979212347 33.251565474296605 -20.82370661041937 17.40360406835233 -23.46747581571534 3.163863742768209 1.6802587504701472 13.516565681118667 0.7806137450982775 -144.15904049145814
0.07973943971626027 4.865054059618878 33.25377622335252 -20.825220857064853 17.407336401558155 -23.460172846046035 3.1652801271162936 1.680345803977111 13.51498073510189 0.7807315512119408 -144.17691839985673
0.12075764434041579 4.864694396532199 33.24577657803343 -20.82163511270681 17.40596535679759 -23.459868551262705 3.164283495941193 1.6805488279814254 13.52290142703943 0.7807627298512441 -144.1859291215102
0.07699088235576698 4.8656751497736614 33.25585494490722 -20.82593457509683 17.406295404507606 -23.463329860618657 3.1650637036619202 1.680233397680925 13.512670869798967 0.780670773341509 -144.16609025073728
0.12515205498933563 4.865058611550824 33.25395783088105 -20.825284747445693 17.406888435091087 -23.4740756195461 3.163883552750315 1.6797008619065419 13.512225264047162 0.7810009668837192 -144.18673284376396
0.07556713715814342 4.865497704423282 33.25236704313629 -20.8243868178035 17.40593549815963 -23.45785798878922 3.165181173703469 1.6805645278881935 13.517100704139423 0.7805852659755697 -144.16661547450764
0.08882857306780509 4.864924150337736 33.24820167004597 -20.824190558692045 17.40767579484362 -23.464259038167917 3.164822924846015 1.6810565241525497 13.510848436215916 0.7807587836429674 -144.1627315942053
0.09939154381142792 4.8641973527862845 33.25761768544336 -20.825517767489636 17.409465412962405 -23.468648618207546 3.163577854751738 1.6804960974081717 13.516962140562624 0.7807578287440256 -144.16035557298449
0.0745004329823929 4.865701434006281 33.24999584446043 -20.82422951675059 17.40534147897765 -23.46090953169721 3.165249756782912 1.6804030544407098 13.51402699293844 0.7807046599959515 -144.17505807933466
0.09167906744449304 4.865631453595205 33.25723008107971 -20.825135100246875 17.405289589261663 -23.46204951493926 3.1646473537530726 1.6796809194314766 13.519798026088257 0.7806751574515819 -144.1800481905898
0.0744665507895151 4.865100976152103 33.25045877280441 -20.824426694080753 17.40707924344813 -23.463706657360753 3.1647790320727793 1.6807126229722815 13.513085833684002 0.780737877095121 -144.16706074330142
0.0930750120098103 4.864316674270944 33.25078873335252 -20.82602434868864 17.41037154325823 -23.464853446542662 3.1660541078206914 1.679493691093088 13.51590311632648 0.7807784694100448 -144.16173619694524
0.07319760774504414 4.865616121625497 33.25315641604692 -20.824122742838682 17.405098941774973 -23.462586135408586 3.164246012700768 1.6807398459516443 13.514826099528175 0.7806965217922168 -144.17446888455513
0.09406274854184804 4.865987394809948 33.25029387201502 -20.821409916522377 17.40141676206634 -23.457188482713637 3.167461302139332 1.6802211729547814 13.513883990310493 0.780680350597117 -144.16151339147206
0.07233457222240032 4.864935457783598 33.25324333560288 -20.82593238847811 17.408676676450405 -23.465554968141724 3.163793652127942 1.6804151171344026 13.515628147484104 0.7807367308311406 -144.17402190795718
0.08251261034468019 4.865476273466165 33.254510343862805 -20.827529626879514 17.40341556410831 -23.45503623269569 3.1647199981133523 1.6807612238061052 13.514630563328403 0.7806457068945488 -144.17773340954102
0.07284876284249653 4.865374501976426 33.253519984023136 -20.826169438173906 17.404818585822873 -23.45869530791011 3.164804818704954 1.6805756548899606 13.514845545347876 0.7806795956107613 -144.17429501069213
0.08356169457789168 4.86586901633531 33.252134530834056 -20.82547574939698 17.40645832594523 -23.458116304514945 3.164535653520968 1.680784138267085 13.513684159106923 0.7807112673169296 -144.16408103333657
0.07199366873169634 4.86506184472967 33.25280157916946 -20.824729335583246 17.40595746042019 -23.463486278201323 3.1650117813884515 1.6802655124783583 13.515549792712573 0.7807100796162136 -144.17382725363944
0.08529054538587018 4.8656093012663835 33.251187307259514 -20.824637119014472 17.404636641404657 -23.46388241433008 3.1643723479367205 1.6805149132056738 13.51498890610829 0.7806851055018185 -144.16362039797679
0.07161353867989524 4.865192870030754 33.253128994329266 -20.825074922552258 17.406661461519782 -23.461100238117048 3.1650531823214 1.6803880812842518 13.51498277785349 0.7807199397844102 -144.17359389938673
0.07942964898350871 4.865526196912105 33.254696822389256 -20.823970161571086 17.406558718793832 -23.458671967511975 3.1644332049830766 1.680798803939889 13.513387278101344 0.7806621593977688 -144.176822090086
0.07207835882238464 4.865241385465092 33.25173202252772 -20.825306789779454 17.40585631499404 -23.463170079682705 3.1650019928296547 1.680286906922313 13.515583643700044 0.7807270931449874 -144.16822770228703
0.07922683065831117 4.865472323553586 33.25257581039934 -20.826456605152035 17.40730446835656 -23.464599285838755 3.1646961659154975 1.6806393664342834 13.513861626586355 0.7805806658546568 -144.1767583631911
0.07146160825354017 4.865273455118162 33.25265093535149 -20.824318680594583 17.405605925733013 -23.460759913969724 3.16487968298639 1.6803680250293143 13.515314247784888 0.7807549476508538 -144.1686096993642
0.08022004889072856 4.864924000488514 33.248756040583196 -20.823804890230186 17.405910912952532 -23.46023555923702 3.1645365134618246 1.6807104721173611 13.517517887235634 0.7807397689579363 -144.17706548026786
0.07113896129159201 4.865487362452375 33.25408021882622 -20.82540215388017 17.40619928161884 -23.462556285273248 3.1649319061118963 1.6803526662900339 13.513882624158134 0.7806880222456158 -144.16883405811993
0.07995259758615687 4.865099377444711 33.25258657749211 -20.825555714738847 17.406323575992353 -23.46664709036327 3.1643691899019606 1.6803369695904604 13.512444436898924 0.7808458275778849 -144.17698397321993
0.07066806961520831 4.86539812267864 33.25242192672525 -20.82467904203734 17.40603251761781 -23.46005526418273 3.164978177753092 1.6805076383137603 13.515936637329299 0.7806504063761485 -144.1692075991857
0.07375931252004632 4.8648349855961825 33.25544299262093 -20.825802920849114 17.407055802902367 -23.463424693952376 3.1642462910165534 1.6805193598125543 13.515900076978077 0.7807155828335424 -144.1673712723631
0.07541739314381635 4.865382245339177 33.25597690824026 -20.825880988872616 17.405313350322736 -23.460571175607164 3.164610467515441 1.6801711386490372 13.517404084891332 0.7806779068820571 -144.17543071420874
0.07073139882580294 4.865171293448872 33.25183830666337 -20.824790267778717 17.406637770166782 -23.462922786922356 3.164736890933445 1.6805772518914703 13.514165396485835 0.780722884541855 -144.16915323602825
0.0755350731729738 4.865715497465635 33.250271751232205 -20.82430223149018 17.405253184321378 -23.460752757609534 3.1652413285550463 1.680375980224548 13.514242905498804 0.7807016614852984 -144.17547657788006
0.07046078443229963 4.865055113563546 33.25415018227375 -20.82542774850938 17.40660514825712 -23.462756709866667 3.1644950504011766 1.6804835149155526 13.51548578410826 0.7807121024964814 -144.16939759874236
0.07377373699958084 4.864822159823928 33.252757081051584 -20.826243410634746 17.407511286745198 -23.461625431044943 3.1652914144109126 1.680104227878239 13.515448819864726 0.7807238386674766 -144.16736470852553
0.07044633799335283 4.865417631175105 33.253056582298086 -20.824652909787698 17.40570202801753 -23.462345959317673 3.164507363128304 1.680580941433293 13.514981779612313 0.7807033510110317 -144.1726928405477
0.07410174463609075 4.865072405312734 33.25230083273036 -20.82389340962228 17.407968331136225 -23.46624638882493 3.1646731172913967 1.6802694762485886 13.51545662089791 0.7807455159289862 -144.16721814835964
0.07028369289093081 4.865298977810503 33.253215196199946 -20.825600431036 17.40560602215121 -23.460583078138814 3.1647718933515643 1.6804991102296176 13.514998314235385 0.7806960756903175 -144.172525795109
0.07416138759167602 4.865584153510945 33.25257185327002 -20.82406406782966 17.40349610964885 -23.458392350592725 3.165879932113133 1.68044681262319 13.514548052111937 0.7806802496804424 -144.16719202852494
0.07010246620906882 4.865097631715434 33.25307546501966 -20.825465308315998 17.407381534750016 -23.463764313754474 3.1643152221242397 1.6804230410065994 13.515358123641063 0.780722610543466 -144.17231443809914
0.07195368088696477 4.865249475079519 33.25435185484358 -20.82472137023563 17.406621515056415 -23.460896085866104 3.164534237270338 1.6806022496521371 13.514547451884201 0.7806889908462911 -144.1738035813575
0.0721275680590837 4.8654665418849135 33.25359235333667 -20.82529723136231 17.406653180557505 -23.460061848880443 3.1644289398879186 1.6806909915308474 13.514380834706 0.7807017866210804 -144.16819929554867
0.07018976417808431 4.865163019018481 33.252999272711264 -20.824871309528014 17.40613139045452 -23.4626301708711 3.1648660710133183 1.6803718822414806 13.51525755321093 0.7807080063674303 -144.17242026411674
0.07258593526446575 4.8652616203228565 33.25177156123607 -20.82533518456841 17.40589110100091 -23.462998858216658 3.1649728507546278 1.6803081808749378 13.515525195799718 0.7807266784952307 -144.16794630438244
0.07012232292607319 4.865252511390354 33.2537067814417 -20.824874823818824 17.406438911542537 -23.461421778953742 3.1646438906414103 1.6805287324578373 13.51479188786308 0.7806984127585259 -144.17233926211372
0.0726640637483598 4.8653301536435425 33.25310997917288 -20.82494161250509 17.40580664454209 -23.462859014133052 3.164372047367567 1.6805504794775399 13.515051691832348 0.7806914241519349 -144.1679050588986
0.06999569098508943 4.86522719093395 33.253124240540174 -20.825041595040467 17.40644775727536 -23.46153993212105 3.164882898582942 1.680428680832574 13.515000006348204 0.7807128108762914 -144.1721716892647
0.07162567041900707 4.865240315719291 33.25368269918841 -20.82584243735194 17.40703054663733 -23.46335534191065 3.1645461898218867 1.6805826668931294 13.514657373613618 0.7806479889305787 -144.17360165690127
0.07005029069142395 4.865265170268444 33.25290887631072 -20.82469961978392 17.405962080959092 -23.461408770954954 3.164796309695264 1.680421685495268 13.51515002924207 0.7807282079707851 -144.16985768874846
0.07159503520897528 4.864981969948292 33.252019147210575 -20.824618457247105 17.406389750619553 -23.461329467743465 3.164466847413054 1.6806118294734569 13.516342478257156 0.7807229514808507 -144.1735820242712
0.0699360055382316 4.8653610143263535 33.25356495092231 -20.825206229721903 17.406246898869018 -23.462249580890802 3.164815641437186 1.6804174570858896 13.51449758768289 0.7806967545544246 -144.17002104965775
0.07137482067098043 4.865335983127291 33.2546063882252 -20.825313535737187 17.405873087812054 -23.46082832488805 3.1646776126922536 1.6803552849109042 13.516126144168867 0.7806828631871254 -144.17343640908882
0.0698171782353399 4.865212465868476 33.25253032705383 -20.824921084768334 17.4064465995781 -23.46239917141378 3.1647220713731468 1.6805217601463287 13.514655583406594 0.7807128792031726 -144.1702240292934
0.07160018091867976 4.865072022535491 33.25404444822904 -20.82547317002477 17.406561156753092 -23.46416462907388 3.164385104596618 1.6804277228551279 13.514098692540857 0.7807678359182372 -144.1735853319529
0.06977837082334842 4.8653165976428525 33.2528275571012 -20.824877574034197 17.40616467740163 -23.46108260540552 3.1648299094639736 1.6804876594491023 13.515477151132188 0.7806797637616707 -144.1703020323775
0.07158601959278837 4.865467328466444 33.25205166764604 -20.824614428657693 17.405900431942676 -23.461128362497718 3.1649352037610936 1.680452675160046 13.514547819166685 0.7806996720509418 -144.17357621912328
0.06971821135129241 4.8651581672892705 33.25362555361682 -20.82522441854646 17.40642896917851 -23.46234962302443 3.1646050887411556 1.680475804976676 13.515251292872865 0.7807089948850965 -144.1704422538376
0.07007064399103392 4.86505291807772 33.253259061885444 -20.825503569131126 17.406948940414466 -23.46153984578806 3.1649424361565357 1.6803342213509818 13.51510572631474 0.7807095523112046 -144.1698308599759
0.07039857195195381 4.865122359495765 33.25310922112067 -20.824536675501847 17.407313529933433 -23.463494080496762 3.1647120144942704 1.6803830747789301 13.51511067410754 0.7807195229560963 -144.16945891838802
0.06975844430768313 4.865254823231819 33.25318870243012 -20.825334492152464 17.406032899096765 -23.4613108287283 3.164756923637241 1.6804701013669456 13.515026404203423 0.7807019375067622 -144.17175907592878
0.07042538544115318 4.865276679130454 33.25336303055313 -20.825358433534724 17.40676846335858 -23.461183119335914 3.1645960073573014 1.6805299465921604 13.514805205330497 0.7807063785068498 -144.16943221174262
0.06972249425396015 4.865191434046475 33.25309021217173 -20.82499309052969 17.406290658680533 -23.462268407987303 3.1647985550993143 1.6804113983291504 13.515144466240821 0.7807075994022852 -144.1716732510232
0.07047905077628926 4.865174971289806 33.252532207968706 -20.82537857258609 17.406431291698162 -23.46256083705999 3.16484912062079 1.680349629550066 13.515341386353892 0.7807178094445062 -144.16938001152755
0.06969528445835486 4.865233126365217 33.253413138073455 -20.825000761010642 17.40643700658144 -23.461706543480304 3.164695198136255 1.6804839567308945 13.514929262485783 0.7807032619300209 -144.17159944946718
0.07060666425170074 4.8653569498946805 33.25323105900149 -20.82469517862784 17.405299762856963 -23.45980674820443 3.1652537843403645 1.6804675041461625 13.51468937834485 0.7806897419368769 -144.16926183781578
0.06967937675949305 4.865162461260246 33.253114363515124 -20.825272775893957 17.406861091776754 -23.46277492236696 3.164549862678271 1.6804341567914902 13.515190937317008 0.7807143933918188 -144.1715512880283
0.0699399565802624 4.8654235721689 33.253018522461645 -20.824610759165285 17.40571478746498 -23.46227823148662 3.164548055612415 1.6805763108898821 13.51495881787163 0.7807037683852609 -144.17208950154946
0.07026831830432459 4.865243000358268 33.253390637266556 -20.825396936388763 17.40665218822153 -23.46258319842606 3.1646445312571165 1.6805197718245188 13.514876272670213 0.7806802248085756 -144.17250903533707
0.06969000673874759 4.8652596277909 33.25302931654968 -20.82487394893513 17.406134607774703 -23.461702377822732 3.164758365085727 1.6804462070775807 13.515081590099106 0.7807162121802327 -144.1705205253956
0.07004496912050645 4.865287467064153 33.25315628823901 -20.825021431911146 17.406103882005134 -23.462484526400303 3.1645330356699954 1.6805162817362143 13.515042612314252 0.7806963021638579 -144.16986480204702
0.06969374240844169 4.865242259966501 33.25313225246488 -20.825036554258137 17.4063617884578 -23.46177608069086 3.164795432854705 1.680450581058484 13.515010657839717 0.780708683698183 -144.1715949674603
0.07005752673648556 4.865054823388722 33.253284752318166 -20.825537426804896 17.406966252014065 -23.46164579687558 3.1649173540889812 1.6803435057126261 13.51509416878445 0.7807063277174728 -144.16984808294444
0.06967255384798356 4.865331384973855 33.253085079925775 -20.824842426075186 17.40602765360225 -23.46212012283386 3.164640380231557 1.6805181095955681 13.514992655599835 0.7807044082183139 -144.1715291468982
0.0700290589337178 4.86511145536077 33.2526423496582 -20.824869195518932 17.406390291556672 -23.461648555860005 3.1646147160230838 1.6805224900185542 13.515654412556579 0.780714872281087 -144.17221815428428
0.069674069492634 4.865298624584957 33.253334300606284 -20.82512197117116 17.406282747040933 -23.4620993246331 3.1647654100836604 1.680443715319056 13.514786793901312 0.7807012839860902 -144.17057032581437
0.06993665770470797 4.865277235561942 33.253837768237176 -20.825194517753076 17.406157820340166 -23.46143899598089 3.164716953829225 1.6804025779926608 13.515522658931818 0.7806964285889224 -144.17208443395285
0.0696423627179215 4.8652286582918425 33.25285718734967 -20.82498944301452 17.406374404768616 -23.46215912755556 3.1647207919871665 1.6804919646079117 13.514872352287899 0.78070876654961 -144.17068913045824
0.06993627890923865 4.865155515917364 33.25354646423952 -20.82526040228327 17.406481687990034 -23.462970866419166 3.164587292243037 1.6804375397216487 13.514580131437363 0.7807353445880121 -144.1720838504849
0.06963004974795375 4.865276327211481 33.25300728388578 -20.824973281096465 17.40624393004873 -23.46155467065893 3.164769255158739 1.6804751295172389 13.515252896208482 0.780693658968256 -144.17074748690436
0.06972514945700731 4.86522159112433 33.25314903520173 -20.824731241953806 17.406655672485293 -23.462791411482513 3.164662744374069 1.680456103433865 13.515076176767144 0.7807115151352192 -144.17042448912878
0.06962803481547258 4.865229899151203 33.25315895200883 -20.82488205450347 17.40649997913816 -23.462421265793964 3.1646862891898615 1.6804596029171353 13.515063733626214 0.7807091207281049 -144.17075813582878
0.06976662223195017 4.865292673330622 33.253261273427526 -20.82505043637134 17.406439776993047 -23.461864403784844 3.164598659730105 1.680524447389256 13.514941968206825 0.7807061575048602 -144.17032729099537
0.06962628296045553 4.865216743867512 33.25313297748568 -20.825007426990105 17.406327938258663 -23.462167406936686 3.1647485812570118 1.680439660594177 13.515093841732323 0.7807072389279289 -144.17133676101625
0.06974883701405653 4.865337655403473 33.252627416756205 -20.824775710043294 17.4062812603111 -23.461746745530164 3.1648208245914358 1.6804528118652318 13.514803651346675 0.7807044108306154 -144.17173718961678
0.06962659497400327 4.865203039317821 33.25337601940167 -20.82511224142067 17.40639204196166 -23.462198903650865 3.1646590227037255 1.6804700566988149 13.515139382491316 0.7807078488714763 -144.17076598778237
0.0697296206272287 4.865256678918048 33.25283240856521 -20.82502166366112 17.406264229984217 -23.462488297108408 3.1647234801098305 1.6804418801045962 13.515167705734857 0.7807110611739818 -144.17041330165017
0.06962055871071104 4.865239014503425 33.253267955696394 -20.82500598667326 17.406393812432135 -23.46190198188733 3.164702268629649 1.68047343757432 13.514988873298051 0.7807052117410112 -144.17130291251294
0.06975227737377153 4.865246896224147 33.25314043482008 -20.82497975689665 17.406345852902724 -23.462443940137142 3.1646046125463694 1.6804798270801742 13.515081953472588 0.7807049450143856 -144.17035937266763
0.06961797984947166 4.865243419030913 33.25313429805368 -20.825022354917763 17.406357804569033 -23.46194304555243 3.1647477277776215 1.6804578925639064 13.515028481747935 0.7807077490272336 -144.17128606876213
0.06969100654607274 4.865226286647751 33.2532643670361 -20.825172043416178 17.406617672944684 -23.46256577655121 3.164639552853725 1.680486538158343 13.515000399542972 0.7806957239017362 -144.17158692340558
0.0696229124561883 4.865251292505112 33.253088079171285 -20.82494847255539 17.4062553740672 -23.461918227504853 3.164728662027726 1.6804562898477713 13.515061292460071 0.7807110901106086 -144.17078712489808
0.06973367296336175 4.865341219427378 33.2531740632019 -20.82470835578964 17.405770045400722 -23.46132189303455 3.1648838151310716 1.6805030150556897 13.51486512335368 0.780696882033908 -144.17040332814685
0.06961491217654311 4.8652071508020285 33.25312928843682 -20.825131670867876 17.406588330182746 -23.46241166503386 3.1646333507914712 1.68045137135754 13.515109483826176 0.7807100155523411 -144.17126429805793
0.0696707396528683 4.865186761346081 33.252913123676834 -20.82486110045178 17.406409506764916 -23.462059958848563 3.164641855867246 1.6804949877358206 13.515333804754345 0.7807117377528866 -144.17152308480945
0.06967630004701876 4.865125076231628 33.25312795310756 -20.825144380423076 17.406740970836125 -23.462027127850746 3.1647671808464874 1.680415969087359 13.515196172886723 0.7807100794275774 -144.1705630513079
0.06961821030554445 4.865279807788298 33.253095798221224 -20.82491791466216 17.40620598291072 -23.462096874088083 3.1646720803852895 1.680492574468516 13.515043534921556 0.7807058260206298 -144.17128762300064
0.06968950534664257 4.8652883091478465 33.25333644426537 -20.825137068888555 17.40631841290262 -23.46209467488395 3.164771750114406 1.6804386082936453 13.514796969765662 0.7807015675465537 -144.1705220210349
0.06961607716671872 4.865212148296522 33.25301895382397 -20.824930092560976 17.406386733299342 -23.46206863785741 3.164674329429036 1.6804808928752768 13.515199596007175 0.7807091952013034 -144.17127281886582
0.06965656094691586 4.86524311020302 33.25342473388741 -20.824996856235106 17.40635598060506 -23.461977408237317 3.1646835214828606 1.6804394170750276 13.515323870975966 0.7807046244801688 -144.17147271306754
0.06960953684925335 4.865232271269637 33.2529990739841 -20.824991296319666 17.406369798727727 -23.462113697725997 3.16471147436109 1.6804788277246907 13.514985231959916 0.7807077310322497 -144.17088502611057
0.06964866764514852 4.865186630095014 33.25327299537096 -20.8250166211978 17.406511629060745 -23.462693670547363 3.164623502151758 1.6804569918071912 13.514889794205663 0.7807225464743215 -144.17144186446268
0.069606136766211 4.8652539029323645 33.253073711757075 -20.824984116121797 17.406310854801735 -23.461839420631037 3.164732816906994 1.680470595089727 13.515162120707778 0.7807008808447724 -144.17092108129395
0.06965421988435308 4.865237858911524 33.253104279197544 -20.825128260114468 17.40621775510403 -23.46171070637974 3.1647157736640614 1.6804747168418128 13.51509863420425 0.7807054367378063 -144.17146380463137
0.06960507719509212 4.865231889091283 33.253145283806006 -20.82494360590622 17.40642942312963 -23.46224362594041 3.1646936603084113 1.6804633813983045 13.515072458770723 0.7807081997305303 -144.17093455302944
0.06966115420461828 4.865270488699597 33.25284106468557 -20.82486434609438 17.40633316851413 -23.46194201298075 3.164749967671135 1.6804629280000316 13.515009600595025 0.7807067787662456 -144.17148966572722
0.06960420634884193 4.865219901663265 33.253242280722645 -20.8250502675891 17.406377323599777 -23.462134680983336 3.164681758945578 1.680468274524119 13.515106937017244 0.7807075813451686 -144.1709469072686
0.06961481304048402 4.865257415709058 33.253105967248956 -20.824977728644733 17.406407149285343 -23.461966964504263 3.1646470446555615 1.6804990468906573 13.515057760411004 0.780707457193241 -144.1708409217438
0.06963920591972632 4.865224091712246 33.25315444317888 -20.825042534297324 17.406510068520433 -23.462225891335976 3.1646506404104153 1.6804909690456407 13.515089603273445 0.7807028794270877 -144.17140131723113
0.06960463374384251 4.865244492306896 33.25310467017319 -20.824971987990875 17.40631904768051 -23.461995143462634 3.1647091566233985 1.6804649596472387 13.515068370163416 0.7807090374397283 -144.17094067298135
0.06961877627253732 4.865237465274626 33.25294190954914 -20.824978220442972 17.406356677205174 -23.46226076926856 3.1646784114072415 1.6804721257336754 13.515177921808533 0.7807095229364283 -144.17081308170987
0.06960500412172047 4.865237852581826 33.253023421085956 -20.824985162000544 17.406365961011915 -23.46217107242325 3.1646843757128433 1.6804724536938367 13.515130659680914 0.7807084451375739 -144.17093553941064
0.06962806852550164 4.865188280948461 33.25309959159726 -20.825079741921748 17.40657650234683 -23.46208071673484 3.164711058717113 1.6804489646845435 13.515140685136902 0.7807094324801988 -144.1707579545042
0.06960405059585427 4.865256926078338 33.253096746565234 -20.824958371477056 17.406298612769746 -23.46209283474977 3.1646818249682456 1.6804816720225229 13.515067822475393 0.780706727635522 -144.17115520587652
0.06963283805985052 4.865227371115333 33.25305358146713 -20.82496250497801 17.406412842328663 -23.462264503109964 3.1646222307629053 1.6804884024808762 13.515163606456015 0.7807073051952522 -144.1707333361656
0.06960359105600325 4.865239407052018 33.25311411890704 -20.825007392432823 17.406371564008943 -23.462023409941814 3.1647163535239424 1.6804655200431489 13.515062262924955 0.7807076380692383 -144.17114788561298
0.06963524661826744 4.865264093600822 33.25318795871344 -20.825070227309162 17.406380879740276 -23.462129865221865 3.164704033930472 1.6804623276030803 13.514965025580324 0.7807055475947697 -144.17072159941125
0.06960286516473396 4.865225134622597 33.253061205046336 -20.824965126248024 17.406385269909578 -23.462083944698524 3.164681755554395 1.6804762515572276 13.515140953400461 0.78070828329967 -144.17113501400218
0.06963896329744813 4.865272687859427 33.2530640074225 -20.824835340078288 17.40613867080224 -23.461721293978346 3.164754693520621 1.6804968251607546 13.515061431676184 0.7807043807931978 -144.170704263408
0.06960234033507483 4.865223535066378 33.25311296818324 -20.82505758817048 17.40647591533762 -23.46223907226998 3.1646636864737587 1.6804627348083436 13.515097470788678 0.7807086068625553 -144.17112428939544
0.06960621294966743 4.865215646823861 33.253088728797195 -20.825005254206587 17.406333604910095 -23.46222041606108 3.16474432802017 1.680441887211174 13.515121097166894 0.7807071690861608 -144.17118431325255
0.06960760655336784 4.865237466374129 33.25321355302468 -20.82499447810904 17.40636371670418 -23.46209502650637 3.164686469046457 1.680454718274438 13.515220798659374 0.7807067828579344 -144.17120006631416
0.06960220727417223 4.865236167598006 33.253159933264534 -20.8249936826617 17.406365237210068 -23.462099694311277 3.1646927203751156 1.6804607456370015 13.515161906984508 0.7807070199015133 -144.17112130626327
0.06960920687241302 4.865258194974734 33.25313813910506 -20.824978205913133 17.40640623698181 -23.461964163821328 3.164643293858367 1.6804954304731199 13.51509309541592 0.7807073149670939 -144.17088817777434
0.06960176425507343 4.865226283861579 33.25310108137416 -20.824998492133226 17.406351762928026 -23.46215635300114 3.164719069479719 1.6804552730266604 13.51511409672915 0.7807072055563941 -144.17111027938302
0.06960663275176424 4.865214415052074 33.25315863006859 -20.825002219200208 17.406437168715424 -23.46240854572539 3.1646520554860875 1.6804636581819539 13.515042467079311 0.7807148681508067 -144.17118924935073
0.0696019988651095 4.865244030962292 33.25309494133495 -20.8249886418914 17.40634243328016 -23.461981701904627 3.1647126265517675 1.6804688608627836 13.515132207300661 0.780704377671281 -144.17098812330815
0.06960639631999031 4.865238857267356 33.253076989525454 -20.825051736612814 17.406301202417637 -23.46195195560886 3.164695005333342 1.6804719677662718 13.515144078722356 0.7807067848531988 -144.171186491671
0.06960164529494961 4.865233631135301 33.25312821023587 -20.82497063858287 17.406397367951634 -23.462170708357522 3.164693996564644 1.6804655279902962 13.515090363758631 0.7807078460111974 -144.17099753768983
0.06960740606358114 4.865232049487508 33.25321981007548 -20.825007275834963 17.4063709459233 -23.462024436312877 3.1647062140992688 1.6804615103300322 13.515077818627702 0.7807064196208797 -144.17119790494567
0.06960152512340026 4.865236401808247 33.25307251833334 -20.82499069045915 17.40636720723976 -23.462134413395656 3.1646898353094497 1.6804697178528856 13.51511744941761 0.7807079387584004 -144.1710011307944
0.06960806203719803 4.865223791662707 33.25313213062027 -20.825024190338294 17.406427491166557 -23.462228219260094 3.164677568925924 1.6804699560177596 13.515149923996038 0.7807056075824597 -144.17120486293751
0.06960135440031096 4.865239317145849 33.25311153528496 -20.82498503857773 17.40634615855202 -23.462053412411997 3.16470125969903 1.680466208739869 13.515088758621571 0.7807081799754112 -144.1710067204704
0.06960862504855553 4.865252265402857 33.25296837098328 -20.824932864937793 17.40636298223773 -23.462072428025127 3.164708866754435 1.6804662279840292 13.515107721463078 0.780707183403068 -144.17121059129065
0.06960119043487119 4.865227992598163 33.25317380328781 -20.82502091692627 17.406373738259266 -23.462119117743782 3.164688535897792 1.6804677628890965 13.515107133128701 0.7807074818596434 -144.17101282827412
0.06960264341040998 4.8652094542917474 33.2531293164852 -20.82503727013967 17.40645671816567 -23.46211953085749 3.164710142917677 1.6804500486589395 13.515154698135591 0.7807081879575386 -144.17097381716223
0.06960424531114708 4.865220982766013 33.25311498365904 -20.824994224725273 17.40640079775782 -23.46220817984858 3.1646743722407273 1.6804631063614717 13.515178744728159 0.7807073875014824 -144.17094632373562
0.06960134684711881 4.865234800980517 33.25311433509504 -20.825004100505936 17.40637887244616 -23.462069602418506 3.1647058582031384 1.6804649166227295 13.515091383375756 0.7807075754272993 -144.17109749514364
0.06960389501857982 4.865237188467019 33.253178523529485 -20.825044285761656 17.406385812364505 -23.46214477663587 3.1647137907400236 1.6804501078604939 13.515090140247711 0.7807066006965767 -144.17095169157471
0.06960113088965425 4.865228148083703 33.25309053466712 -20.824984916126432 17.40638540552331 -23.46209915268286 3.1646897643508023 1.6804697156330441 13.515128250112273 0.7807078626488967 -144.1710891833953
0.06960291503635302 4.86525660755626 33.253102655727005 -20.824961671067367 17.40630010157993 -23.462105114841986 3.1646813276633656 1.6804802441536029 13.51507110590792 0.7807066309769797 -144.17113596166132
0.06960115317478818 4.865221242607875 33.253122651295655 -20.825018370371595 17.406417564019236 -23.462115926853613 3.1647029391040995 1.6804575975326053 13.515133800078672 0.7807077987123989 -144.171014353287
0.06960318840684178 4.8652420682899296 33.25312094065146 -20.82493350947678 17.406269234144307 -23.461960944346224 3.1647356346333533 1.6804665305490507 13.515135599112831 0.7807060504419316 -144.1709635022064
0.06960102018575544 4.865228168372266 33.2531149613003 -20.825026568497055 17.40642424503929 -23.46216954028904 3.164681673513657 1.6804636837435205 13.515107002869716 0.7807079677573994 -144.17108409259816
0.0696034448568539 4.865227835913155 33.253064981177296 -20.82500399215263 17.4063917138377 -23.462114291500477 3.164704391359704 1.6804691073416969 13.515060182094045 0.7807078269741511 -144.1709590426055
0.06960095623432296 4.865234084676793 33.253136195242725 -20.824996260034432 17.406371856366974 -23.462103343608575 3.1646956381212625 1.6804628360631755 13.515136475761892 0.7807072216696727 -144.17108074034883
0.06960178155435073 4.865217983291768 33.25313822388844 -20.825010556551533 17.40642040238498 -23.462256612247906 3.164681087496951 1.6804597871559932 13.515090735470137 0.7807110380040618 -144.17111074896874
0.06960094469526572 4.8652244952094 33.25312740325007 -20.825005077886498 17.406400910108776 -23.462187884662082 3.1646889722606546 1.6804620555826906 13.51510110342777 0.7807093729208665 -144.1710800925536
0.0696022343366775 4.865235372662044 33.25313734822442 -20.825002023460364 17.40642090217326 -23.46208826748358 3.1646686251251865 1.680474731503322 13.515106247381375 0.7807086435918432 -144.17098255552804
0.06960091494598118 4.8652285560616955 33.253110148086726 -20.82499937496501 17.406369047739332 -23.46213933162175 3.1647064583910858 1.680460137645826 13.515112134392206 0.7807075650652564 -144.17107834841926
